333
318 0
2 8
6 10
12 27
15 30
18 31
19
20 26
25
32 40
34
36 49
37 51
39
44 71
45
46 59
47 61
48
52 55
53 57
54 58
64 91
65 93
66 94
67 95
68 96
69 97
72 99
73
76 115
77
79 105
80 108
82 114
84 116
85 117
86 118
87
88 124
90
92
101 128
102 129
103
104 146
106
119 137
120
123 126
130 150
131 151
132
133 134
138 143
144 147
149
152 155
153 156
157 161
158 162
160 163
165 168
169 171
172 173
175 182
177
180 200
183 204
184
185 188
190 236
191 237
193
195 199
196
198 206
207 234
208
214 231
215 238
218 242
219
221 224
223 226
225
227 266
228
241
243 271
244 273
245
246 262
247
248 252
249 253
250 256
251
257 259
260
263 264
269 285
270 288
280 289
290 291
295 338
296
297 331
300
302
304 335
306 336
307 337
310 339
312
321 330
322 341
324 343
327 344
328
345 359
346
350 355
353 363
356
364
365 375
366 376
367
368 371
372 383
373 384
380
382 385
386 388
390 394
391
392 395
398 399
401 402
403 405
407 408
409 443
410 444
411
412
413 414
415 424
416
417 432
418 434
419 437
420
422 426
427 428
433
438 470
439
442
445 447
448
449 465
450
452 459
454 461
455 464
458 466
468
469 481
471 482
472
473
474 475
476 487
478 490
484 492
494 503
495 510
496 511
498 512
501 513
504
517 522
518 523
521 524
525 527
526
528 562
529 563
530
534 544
535 545
537 547
538
542 543
548 558
550
552 553
556
564 580
566 581
567
568 577
571 578
572 579
573 582
583 587
584
585 586
589 600
590 601
593
595 661
596
598 619
599 620
602
603 612
607 615
608 617
609 618
616
622 624
625 636
628 637
629
630 632
631 633
634 635
643 651
653 665
656
657 664
659 666
660 668
662 670
673 681
674 683
675 684
676 685
686 695
689 696
693
697 703
698 705
699 709
700 710
701 711
714 740
715 744
716 749
717 750
718
719
720 769
721 770
722
726 731
728
730
733
735 737
736
751 753
752 758
755
759 796
760 797
761
762 765
763 773
774 788
781 789
782 793
783 794
792
795 828
798 832
799
800 825
801 833
802
805 808
806 810
809
813 814
816 835
817 837
818 838
824 840
834 841
839
844
846 847
850
853 856
855
857 861
858 862
866 873
868 876
871 879
872 881
875
882 894
883 897
884 898
885 901
890
891 892
893
899
902 915
903 916
904 918
909 919
910 920
911 927
912 928
923
924
929 930
932 952
933
934 937
940 947
941 949
943 953
945 956
946 957
950
994
995 996
